10
0 1 2562.34657444
0 2 328.810775879
0 3 2924.4098563
0 4 2420.07423902
0 5 733.907500817
0 6 1766.28344671
0 7 626.989283908
0 8 2616.23084063
0 9 442.304875404
1 0 689.66450281
1 2 2912.04640296
1 3 1146.05648617
1 4 462.272996595
1 5 2405.41808702
1 6 1201.15637193
1 7 2504.90198641
1 8 2263.98505559
1 9 1975.42964854
2 0 1651.61253466
2 1 2959.77426357
2 3 1644.00835563
2 4 1645.63604261
2 5 1345.09083879
2 6 807.553669307
2 7 1663.85693191
2 8 2100.23528785
2 9 98.4385120762
3 0 647.578317522
3 1 1590.42809986
3 2 1155.68369429
3 4 536.891815963
3 5 741.460696124
3 6 2312.94563191
3 7 344.100820436
3 8 515.626290748
3 9 1807.66657524
4 0 1526.35832446
4 1 830.621787554
4 2 2514.70925395
4 3 1926.55512683
4 5 2828.49464425
4 6 1199.19340496
4 7 1114.64535283
4 8 1795.67348093
4 9 327.797664229
5 0 1167.85309567
5 1 157.932727914
5 2 2095.19470042
5 3 2237.14723441
5 4 1103.36892365
5 6 2965.93045534
5 7 146.94401332
5 8 2635.93812417
5 9 2669.44188777
6 0 31.4344757547
6 1 564.087890724
6 2 422.487387382
6 3 443.983250216
6 4 2462.31245628
6 5 551.080357674
6 7 282.925712231
6 8 1164.62441259
6 9 438.545610146
7 0 511.392246205
7 1 2602.44987974
7 2 2382.0049889
7 3 1559.88644661
7 4 2594.6577655
7 5 2024.91893449
7 6 872.981395172
7 8 2166.78990374
7 9 90.07797653
8 0 1753.8607738
8 1 2338.30709175
8 2 2540.15507129
8 3 2133.46068705
8 4 1961.0349296
8 5 1394.80015037
8 6 516.430666109
8 7 1805.035537
8 9 709.223803077
9 0 1080.99842925
9 1 2989.92609202
9 2 1381.93336323
9 3 2901.2909031
9 4 2554.11032025
9 5 1227.10654706
9 6 918.950441742
9 7 1911.03176942
9 8 178.696487775
