20
6 5 1526.47258302
19 13 920.91168215
8 16 1944.67204912
18 4 1503.46514811
16 0 1217.10808574
11 0 1304.50053916
15 3 850.923560097
7 12 1119.18996572
16 9 1523.09964099
18 17 1713.00644923
2 10 1368.01612799
4 5 832.136527765
19 11 1767.98417145
2 15 1247.08954634
5 4 822.289969222
5 3 209.466520064
12 3 1632.05002209
5 8 428.158905406
17 7 775.810873823
8 5 568.76546336
3 2 1810.2907584
19 2 720.960885993
2 18 1505.68292642
8 10 1342.83196157
8 11 128.893894919
5 11 348.593155564
11 16 2024.23779896
8 15 785.037868471
18 8 893.12392108
9 10 218.393855883
0 6 1997.2550921
11 9 1446.77538424
14 13 941.525368676
8 0 1224.93478932
16 13 895.230674568
5 12 1571.83151982
2 14 1034.93610391
0 9 600.93616394
5 2 1804.32370473
14 6 1050.97087236
16 17 836.398501666
7 17 884.52303623
0 13 428.820332935
10 4 1496.21222662
7 4 495.842767825
6 2 1928.29173464
3 12 1577.79857349
1 0 964.648042753
10 8 1409.76935187
10 18 937.699821531
7 19 891.548358399
13 0 466.462890235
6 3 1735.93910309
2 1 1673.52750668
9 19 1563.07135224
0 19 1193.43512711
15 6 1482.97154573
14 17 454.438437964
10 1 1110.63920567
19 0 1242.78909332
4 15 831.555523507
17 13 949.462150229
10 19 1580.62636616
0 14 1106.41771496
14 19 461.463760133
1 15 445.604197442
2 12 1885.80696606
0 12 2101.1441731
8 1 677.614318377
11 10 1422.39771142
1 11 636.891968167
1 10 1082.545215
13 16 723.624358813
11 14 1466.45349262
3 13 1169.02802425
1 13 1100.25161892
3 9 1175.69929316
14 12 1129.41405845
15 19 1178.39145816
13 18 892.566226898
5 15 508.413549105
17 19 53.3423534818
9 5 1129.21402553
15 1 1032.07572472
5 10 1145.35456667
4 18 1510.15862708
5 1 524.365834801
4 7 417.108761193
3 14 1023.39614965
9 12 2388.17769527
19 1 1810.00970057
0 3 1107.63966736
14 7 436.843150392
1 6 1838.70426454
14 16 1120.20079172
14 18 1529.89301628
16 14 1172.46459988
18 9 956.993442248
19 9 1548.78064857
0 2 1070.08306709
6 8 1633.5879704
3 15 514.380602774
3 19 1223.96261347
10 15 825.694741364
1 7 914.873016918
12 11 1450.13313956
6 9 2383.33697372
19 14 603.214379375
6 11 1554.02222056
7 2 1612.50924439
2 11 1898.18670692
0 10 576.558491115
0 11 1074.78505097
16 19 843.423823835
1 5 582.59280981
12 8 1529.6988894
1 9 1106.92288783
19 17 267.148281156
10 17 1573.601044
14 10 1551.83931808
7 1 1023.31044107
0 8 1154.35080081
9 13 798.456558067
14 9 1569.3943351
14 15 851.289912705
8 13 1365.63316937
0 17 1186.40980494
12 19 1160.12318022
4 17 604.595215654
0 16 1007.85921268
2 4 1234.8911599
13 3 1312.8298199
17 0 1271.3395614
2 19 705.895327857
9 14 1476.05394009
16 6 1974.16589886
19 18 1668.89242998
18 10 932.615769423
10 6 2308.66628709
6 17 1202.26742123
18 12 2253.00669872
12 0 2081.18040372
13 8 1364.63575723
18 15 760.742604045
5 18 678.022099318
5 16 1742.09985033
10 2 1457.27430614
6 10 2358.9593009
6 12 103.889080999
4 8 1260.29543317
4 13 894.33036298
9 2 1439.71929222
17 12 1188.8988197
4 11 1180.72968333
15 5 641.457040033
10 12 2412.55536809
5 9 1169.73223949
4 3 1041.60304783
6 18 2204.49468234
15 4 782.685867589
18 0 814.718597172
16 4 1372.41965588
11 4 1271.31436586
19 4 803.169435366
3 1 530.33288847
19 3 1628.85753595
16 5 1854.00849534
1 12 1942.59334553
19 6 1406.87753767
11 6 1595.92331743
14 5 851.870916964
7 13 946.859343844
7 6 1015.30088472
16 15 1384.61804232
14 3 1061.33743703
0 7 1018.79063595
0 18 682.281270476
12 17 1153.09785805
14 11 1200.46407253
16 1 1811.05600265
9 7 1305.82415811
9 16 1377.49543782
2 5 1716.47999936
8 18 831.270582894
14 8 1280.02982237
10 7 1330.20183094
10 16 1395.05045174
2 9 1385.57114501
7 10 1410.54526572
13 17 902.17495107
7 11 981.284911946
13 14 822.182861086
17 8 1618.9975458
7 15 632.110752124
6 7 1192.79209244
15 16 1837.12848975
9 8 1385.39167904
12 6 169.169191311
2 7 1436.08497384
10 0 425.95791703
13 19 909.200273239
7 0 1236.65544954
10 9 24.3776728245
3 0 1033.42444808
17 5 1190.8386404
17 11 1539.43179596
18 7 1225.2863701
1 4 1193.05179493
2 6 1836.63740288
8 17 1580.42888442
13 5 1103.36329983
4 9 1522.1993294
5 14 1017.42909598
18 6 2149.11761772
1 19 1588.75738551
4 10 1504.64431238
10 5 1153.59169835
8 19 1587.45420659
3 5 205.273870235
19 5 1419.39101588
4 2 1332.58142382
6 13 1811.27246924
12 14 1171.17011458
19 7 1004.36324931
15 17 1171.36613599
3 7 550.078244877
2 17 698.870005688
7 16 1550.28538999
7 9 1434.92293855
6 0 2185.06948471
18 13 955.416977219
17 3 1400.30516046
9 15 801.317068539
1 2 1741.51435307
8 12 1620.24664859
11 18 910.836332736
5 7 544.111191208
7 18 1310.7138557
18 11 813.558171238
6 14 1249.61330067
18 3 890.641698956
11 1 757.180068219
4 16 1270.35756941
4 0 1216.20777415
3 4 828.257022891
11 5 648.331213202
3 8 434.125959075
12 13 1712.61529661
2 3 1925.94651942
11 19 1667.01995643
9 0 401.580244205
13 12 1870.47603867
5 0 1027.45739442
15 14 977.824994349
12 7 1094.13491981
3 11 354.560209233
15 10 1419.31054937
4 12 1299.95916404
10 3 1363.05821841
15 9 1443.6882222
16 3 2063.4750154
11 8 79.5657498422
13 2 785.848213219
15 7 504.507089575
17 16 710.117490316
5 19 1217.9955598
2 16 109.694511909
4 1 1222.75521246
0 15 514.283546378
12 9 2279.44789272
4 19 611.620537823
13 1 1060.41080715
11 15 864.603618313
8 9 1367.2096344
14 2 1182.42464613
1 8 716.457718009
5 13 1163.06097058
11 12 1699.81239843
16 12 2023.33546204
7 3 842.158276447
11 3 658.4909167
9 3 1338.68054559
13 4 824.78613369
10 14 1493.60895401
9 4 1478.65721269
5 6 1467.94243882
6 16 1866.06788023
15 13 1132.91492341
17 4 582.338185523
3 10 1151.32162034
16 18 1643.2114224
4 6 1201.30199141
11 13 1445.19891921
2 8 1977.75245676
14 4 488.804726642
1 14 1388.19092169
1 17 1581.73206334
12 1 1813.20218672
8 14 1386.88774278
17 15 1190.25763614
12 10 2255.0702199
9 1 1086.26153284
17 10 1559.77609963
17 1 1581.45732509
18 14 1633.01435924
15 12 1586.86062673
11 2 2086.46165337
0 4 1109.02098756
10 13 816.01157199
14 1 1242.48960165
0 5 898.173147295
6 1 1917.09126771
19 16 658.737031588
3 16 1748.066904
17 2 772.341344722
15 11 990.050195597
13 7 872.123411299
6 19 1209.2927434
19 8 1847.54992129
15 0 1245.42073319
16 8 2115.28095274
17 18 1697.44289806
18 5 880.481995458
9 6 2284.28861427
15 8 1069.61594544
13 6 1771.81886604
8 3 578.925166858
16 11 2035.7152029
16 10 1505.54462397
8 7 913.569838002
8 2 2006.89590352
3 18 683.989152987
14 0 1263.40277985
1 18 715.126423711
9 17 1556.04603007
12 15 1476.6357063
8 6 1516.35756759
16 2 309.446862293
12 16 1816.89831705
1 16 1679.29049867
5 17 1210.97023763
6 15 1580.5247873
13 10 754.899428462
19 12 1456.04710085
13 11 1285.07000739
7 14 690.981894585
13 15 633.972846811
15 18 1319.47913935
4 14 524.603125669
2 13 757.70217859
18 16 1534.45585697
10 11 1330.20360202
11 17 1659.99463426
11 7 993.135587844
1 3 713.975495884
7 5 632.691756383
19 10 1531.22563155
3 6 1473.90949249
12 5 1422.58350202
19 15 1410.2990499
18 2 1596.67971137
12 4 1146.09649606
17 6 1139.72925652
17 9 1577.33111665
15 2 1899.35234416
9 18 913.322148707
13 9 772.454445485
12 18 2100.60560134
17 14 382.383129532
0 1 855.220654612
18 1 738.136362265
7 8 1060.85066179
16 7 1573.61346982
3 17 1216.9372913
12 2 1879.12217146
2 0 1079.57958976
18 19 1720.03177139
9 11 1305.8259292
6 4 1244.75366869
8 4 1191.74861602
